,2022/07/01,2022/07/02,2022/07/03,2022/07/04,2022/07/05,2022/07/06,2022/07/07,2022/07/08,2022/07/09,2022/07/10,2022/07/11,2022/07/12,2022/07/13,2022/07/14,2022/07/15,2022/07/16,2022/07/17,2022/07/18,2022/07/19,2022/07/20,2022/07/21,2022/07/22,2022/07/23,2022/07/24,2022/07/25,2022/07/26,2022/07/27,2022/07/28,2022/07/29,2022/07/30,2022/07/31,2022/08/01,2022/08/02,2022/08/03,2022/08/04,2022/08/05,2022/08/06,2022/08/07,2022/08/08,2022/08/09,2022/08/10,2022/08/11,2022/08/12,2022/08/13,2022/08/14,2022/08/15,2022/08/16,2022/08/17,2022/08/18,2022/08/19,2022/08/20,2022/08/21,2022/08/22,2022/08/23,2022/08/24,2022/08/25,2022/08/26,2022/08/27,2022/08/28,2022/08/29,2022/08/30,2022/08/31
0,6595.6,6233.1,6352.299999999999,6550.6,6704.9,6705.0,6873.1,6806.7,6293.7,6271.4,6453.9,6695.6,6632.8,6758.9,6495.9,6140.4,6204.5,6460.6,6557.1,6382.2,6513.1,6298.3,6204.3,5999.0,6110.799999999999,6433.6,6575.4,6490.4,6824.4,6623.2,6731.6,6627.5,6846.8,6721.9,6964.8,6889.4,6913.8,6668.6,6888.9,6995.0,7029.0,6913.799999999999,6967.6,6342.7,6563.799999999999,6685.5,6955.9,6780.8,6377.1,6367.1,6662.5,6411.9,6552.3,6761.4,6794.9,6524.4,6131.1,6112.200000000001,5714.6,5935.5,6064.7,6427.9
1,6300.6,6145.9,6275.4,6392.1,6427.8,6458.299999999999,6646.3,6577.3,6220.4,6112.799999999999,6310.200000000001,6517.5,6349.6,6557.5,6235.3,6017.2,6123.1,6228.299999999999,6378.8,6183.2,6180.4,6022.0,5955.3,5866.6,6056.5,6222.9,6331.6,6286.8,6534.200000000001,6440.7,6347.0,6554.4,6588.8,6666.200000000001,6749.6,6724.5,6647.9,6648.4,6754.6,6646.799999999999,6842.6,6749.1,6784.8,6344.4,6362.700000000001,6425.700000000001,6749.0,6532.799999999999,6300.3,6238.9,6513.5,6336.4,6381.9,6597.0,6619.1,6309.0,5999.9,5934.1,5590.2,5717.0,5853.0,6206.7
2,6181.799999999999,5933.6,6140.6,6232.4,6242.0,6276.299999999999,6482.2,6367.8,5933.6,5886.700000000001,6250.1,6399.5,6199.6,6453.6,6112.2,5856.0,5942.0,5913.0,6198.5,6054.700000000001,5977.4,5888.4,5894.700000000001,5851.9,5822.5,6110.1,6122.0,6171.8,6335.2,6341.7,6308.9,6468.799999999999,6525.0,6463.0,6626.2,6602.5,6435.3,6575.9,6620.5,6455.9,6692.1,6607.9,6634.0,6283.7,6324.3,6376.6,6508.0,6409.6,6178.8,6185.6,6505.1,6224.299999999999,6248.700000000001,6467.6,6349.4,6105.1,5863.6,5731.799999999999,5545.0,5559.6,5656.6,5992.299999999999
3,6088.8,5920.299999999999,6018.5,6129.7,6072.200000000001,6158.7,6355.4,6275.0,5850.1,5907.700000000001,6007.4,6335.5,6078.6,6328.299999999999,5986.1,5757.700000000001,5893.700000000001,5784.0,6140.200000000001,5843.299999999999,5963.6,5869.1,5793.0,5651.4,5779.3,5939.4,5983.3,5923.7,6256.799999999999,6283.200000000001,6281.0,6432.299999999999,6331.1,6320.8,6512.799999999999,6456.0,6416.9,6598.0,6482.2,6465.3,6568.0,6468.4,6547.700000000001,6070.9,6325.2,6334.1,6414.0,6291.5,6086.4,6095.1,6468.6,6019.3,6148.7,6339.5,6297.7,6130.3,5836.6,5701.200000000001,5531.4,5423.8,5586.299999999999,5861.8
4,5896.4,5780.2,5876.4,6006.4,6142.0,6105.4,6153.2,6299.6,5749.799999999999,5791.299999999999,6042.9,6245.1,6009.7,6213.8,5929.7,5779.9,5853.1,5724.2,5908.1,5775.8,5913.7,5777.9,5717.6,5762.3,5684.8,5857.700000000001,5855.9,6028.4,6213.8,6235.9,6239.8,6328.9,6348.8,6275.299999999999,6455.200000000001,6400.0,6366.1,6345.8,6329.700000000001,6272.6,6428.0,6491.4,6447.2,6041.3,6273.799999999999,6274.700000000001,6304.5,6204.0,5949.8,5892.4,6350.5,5936.200000000001,6047.0,6287.4,6247.9,5989.7,5805.0,5647.8,5411.700000000001,5474.6,5474.2,5752.6
5,5879.8,5618.7,5884.299999999999,6063.9,6025.7,6066.8,6303.8,6298.5,5805.6,5782.5,6152.0,6202.4,6031.4,6293.5,5974.7,5630.0,5846.6,5708.7,6004.7,5782.5,5946.8,5880.4,5710.6,5609.2,5741.6,5867.200000000001,5966.0,5972.9,6298.5,6092.6,6155.3,6335.2,6480.2,6422.5,6485.8,6524.8,6314.1,6348.0,6495.5,6451.5,6571.299999999999,6485.4,6435.2,6079.4,6200.200000000001,6213.9,6366.700000000001,6236.700000000001,5890.700000000001,5931.4,6362.7,5912.3,6168.1,6402.6,6366.200000000001,6031.3,5738.299999999999,5614.4,5247.2,5546.0,5570.9,5864.2
6,6323.9,5792.8,5840.1,6404.799999999999,6402.7,6439.0,6493.0,6531.0,5932.0,5667.2,6289.0,6404.9,6307.4,6525.6,6174.0,5622.5,5793.1,5929.9,6123.2,6038.3,6289.2,6020.2,5711.9,5666.0,5988.4,6073.5,6119.9,6027.0,6491.5,6112.4,6108.3,6538.7,6444.1,6451.4,6596.2,6589.9,6393.6,6506.9,6732.1,6658.200000000001,6721.3,6664.3,6575.6,6086.1,6171.5,6169.3,6427.0,6388.6,5964.9,6031.0,6266.9,5939.7,6471.200000000001,6479.5,6474.6,6143.700000000001,5902.299999999999,5717.8,5306.0,5623.299999999999,5743.5,5993.2
7,6779.6,6009.0,6139.3,6868.4,6733.4,7408.200000000001,7454.1,7033.8,5936.5,5889.700000000001,6666.7,6813.2,6894.200000000001,7059.9,6821.700000000001,5857.700000000001,5875.5,6959.7,6935.1,6310.2,6757.8,6451.0,5761.9,5689.799999999999,6706.0,6476.6,6647.700000000001,7056.4,6973.8,6341.4,6239.3,7055.0,7037.0,7065.8,6986.3,7554.9,6545.4,6545.3,7096.1,7172.1,7238.6,7230.4,7349.6,6219.9,6241.4,6301.7,6930.799999999999,7109.3,6891.5,6529.4,6435.4,6093.299999999999,7250.1,7364.1,7251.3,6499.0,6438.5,5656.200000000001,5337.7,6292.9,6150.6,6285.3
8,8192.1,6256.0,6244.200000000001,8193.0,8255.7,8355.099999999999,8638.2,8316.8,6172.2,6209.5,8244.0,8555.2,7972.599999999999,8657.6,8134.4,6221.1,6062.5,7639.4,7965.3,7876.400000000001,8019.5,7763.0,6064.3,5767.8,7658.5,7889.5,8192.099999999999,8080.299999999999,8195.5,6717.9,6436.5,8605.4,8361.4,8381.099999999999,8481.3,8289.0,6773.8,6879.299999999999,8583.8,8420.0,8396.4,8305.9,8250.3,6380.8,6434.1,6674.9,8294.2,8197.6,7611.7,7829.5,6741.4,6385.1,8203.7,8135.5,7996.7,7828.3,7469.799999999999,5857.0,5525.2,7209.1,7634.1,7115.4
9,8838.3,6484.9,6329.1,9023.2,8998.9,9181.099999999999,9231.7,8971.7,6406.4,6434.6,8982.599999999999,9211.9,8747.7,8941.0,8905.1,6276.9,6217.1,8374.7,8586.1,8603.2,8433.7,8279.9,6274.0,6047.0,8259.5,8391.400000000001,8860.400000000001,8800.3,8970.2,6858.4,6462.0,9383.8,9007.099999999999,9202.6,9405.4,9055.6,6780.5,6852.1,9310.7,9276.5,9133.599999999999,8956.3,8905.8,6731.2,6674.799999999999,6898.799999999999,8920.6,8825.099999999999,8399.7,8449.7,6733.6,6441.0,8948.9,8870.0,8737.5,8499.5,7934.5,6039.0,5600.8,7808.9,8217.0,7617.8
10,8946.4,6444.6,6306.1,9137.900000000001,9150.7,9235.8,9374.4,9139.9,6633.8,6544.9,9180.8,9292.099999999999,8842.8,9145.1,9086.2,6573.8,6306.4,8498.400000000001,8901.4,8562.4,8557.8,8359.3,6387.6,6018.4,8502.7,8700.4,8846.8,8997.4,9113.0,7022.4,6531.799999999999,9314.2,9341.7,9342.7,9640.3,9314.7,6991.200000000001,7015.299999999999,9508.400000000001,9485.8,9253.2,9080.1,9109.0,6816.9,6731.6,7130.1,9081.7,9052.3,8638.2,8903.2,6717.3,6775.299999999999,9167.8,9076.9,9088.3,8615.6,8102.6,6014.0,5726.9,7919.299999999999,8441.0,7832.5
11,9006.6,6704.9,6660.3,9352.6,9372.9,9305.9,9656.6,9166.2,6725.799999999999,6492.9,9186.3,9428.7,8818.099999999999,9326.3,9123.6,6791.7,6463.200000000001,8547.8,8976.900000000001,8651.5,8584.4,8499.400000000001,6440.700000000001,6122.0,8682.7,8898.2,9038.099999999999,9250.400000000001,9561.5,7030.1,6616.3,9472.4,9450.3,9489.4,9745.8,9581.0,7121.4,7114.5,9493.4,9491.6,9359.3,9136.7,9260.8,6945.4,6919.6,7311.8,9222.2,9156.6,8923.3,9254.0,6944.1,6874.2,9043.6,9219.2,9097.3,8782.6,8227.2,6166.2,5981.7,8055.5,8524.599999999999,7905.9
12,8925.9,6784.200000000001,6900.4,9209.099999999999,9423.0,9476.2,9587.2,8835.9,6934.0,6860.7,9269.0,9306.1,8896.8,9203.0,8924.0,6820.0,6426.0,8663.8,8900.2,8852.4,8578.0,8605.099999999999,6556.6,6304.4,8520.4,8899.3,8990.400000000001,9256.400000000001,9583.900000000001,7210.2,6861.0,9345.4,9509.1,9417.8,9596.900000000001,9460.6,7299.1,7368.5,9505.2,9575.6,9310.8,9169.5,9071.400000000001,7046.5,7055.0,7448.5,9320.3,9049.0,8821.3,9316.5,6857.1,7036.4,9041.3,9334.599999999999,9150.3,8987.8,8119.2,6240.4,6079.799999999999,7997.6,8728.4,7824.4
13,9216.5,6929.8,6918.5,9279.9,9415.0,9756.9,9385.2,8900.5,6725.5,6897.299999999999,9386.6,9529.4,8978.4,9418.8,9009.1,7071.6,6768.9,8636.0,9124.900000000001,9092.8,8623.9,8736.3,6609.1,6280.0,8873.3,9211.4,9306.7,9470.8,9643.7,7209.4,6810.1,9289.8,9486.599999999999,9591.3,9963.5,9577.6,7392.4,7648.3,9628.3,9750.9,9484.6,9163.7,9236.3,7168.700000000001,7153.6,7604.799999999999,9235.6,9243.7,8977.6,9479.7,7155.5,7068.200000000001,9220.9,9287.2,9212.400000000001,9007.5,8271.6,6255.0,6138.2,8027.0,8883.1,8036.0
14,9192.0,7156.2,7092.299999999999,9396.5,9414.6,9673.9,9567.1,9006.1,6867.299999999999,6989.6,9607.7,9550.5,9016.8,9371.3,8998.5,7064.3,6727.4,8694.900000000001,9285.3,8956.7,8672.4,8780.0,6799.5,6683.1,8858.2,9250.599999999999,9231.7,9410.0,9567.400000000001,7240.7,6948.700000000001,9323.900000000001,9455.099999999999,9639.9,9672.3,9677.0,7397.4,7496.700000000001,9652.7,9778.2,9344.1,9188.3,9247.400000000001,7238.5,7279.8,7553.200000000001,9270.7,9427.7,9195.4,9567.0,7069.299999999999,7196.299999999999,9360.9,9343.599999999999,9359.8,9029.4,8523.9,6153.200000000001,6341.2,7708.5,8934.6,8114.2
15,9277.900000000001,7082.1,7102.299999999999,9287.400000000001,9501.099999999999,9744.0,9324.9,9092.8,6759.799999999999,7025.5,9391.2,9535.3,8896.4,9438.3,8990.7,7029.8,6957.1,8509.9,9027.099999999999,9011.3,8507.599999999999,8793.6,6736.9,6512.3,8978.099999999999,9311.2,9003.2,9318.3,9472.4,7264.0,7140.3,9267.2,9446.1,9396.3,9940.0,9652.1,7618.0,7498.5,9591.1,9360.099999999999,9424.2,9125.9,9095.099999999999,7188.0,7156.2,7699.2,9197.5,9416.3,9227.4,9533.400000000001,7008.700000000001,7210.7,9424.3,9362.2,9077.2,8881.0,8554.0,6266.1,6409.700000000001,7882.6,8833.2,8100.9
16,9065.8,7178.5,7266.9,9238.7,9531.6,9544.8,9307.0,8886.9,6846.700000000001,7150.9,9253.9,9368.1,8811.8,9278.7,8831.7,7088.3,6923.9,8543.4,8789.599999999999,9088.400000000001,8409.4,8570.3,6736.200000000001,6680.2,8863.7,9161.5,9050.3,9283.0,9300.8,7158.6,7113.6,9176.9,8995.8,9482.6,9885.7,9285.1,7673.8,7725.1,9408.8,9567.3,9368.5,9045.400000000001,8994.4,7124.7,7236.8,7547.9,9160.599999999999,9224.7,9101.900000000001,9431.9,7146.299999999999,7221.9,9406.400000000001,9111.7,9025.9,8740.5,8524.6,6380.0,6542.0,7763.3,8764.1,8071.5
17,8325.3,7165.2,7125.3,8742.5,9284.5,9035.3,8698.2,8484.3,6861.1,7180.9,8740.7,8902.1,8639.1,8823.0,8539.7,6924.1,6965.9,8050.0,8367.1,8709.6,8208.4,8286.2,6794.0,6660.299999999999,8358.8,8714.2,8523.8,8803.9,8970.1,7205.3,7209.4,8647.5,8832.6,9065.1,9273.099999999999,8944.599999999999,7565.5,7695.0,8884.7,9244.3,8868.7,8640.599999999999,8536.2,7067.9,7254.5,7477.200000000001,8607.2,8694.8,8543.7,8851.099999999999,7085.8,7221.3,9035.6,8745.7,8560.6,8513.4,8219.6,6397.6,6376.700000000001,7657.299999999999,8282.0,7876.0
18,7802.9,7102.6,6992.9,8247.2,8488.3,8536.7,8336.2,7942.6,7006.3,7202.2,8327.2,8190.2,8086.599999999999,8166.5,7749.9,6876.6,6930.5,7715.1,7831.0,8052.3,7408.0,7643.9,6587.7,6546.2,7964.5,8108.1,7808.1,8128.0,8200.0,7151.8,7051.6,8243.9,8482.7,8438.8,8678.4,8339.9,7670.4,7660.5,8361.0,8505.7,8543.5,8243.3,7950.8,6999.4,7151.8,7390.5,8037.3,8107.6,8130.400000000001,8177.6,7170.1,7282.1,8524.6,8340.900000000001,8059.1,7802.5,7585.8,6274.299999999999,6348.8,7064.4,7828.700000000001,7450.8
19,7176.200000000001,6840.2,6865.9,7647.4,7873.0,7943.5,7611.0,7393.0,6771.6,6988.1,7778.7,7805.700000000001,7556.5,7736.4,7140.5,6714.5,6800.0,7276.2,7309.0,7737.9,7077.5,6950.799999999999,6507.0,6495.4,7400.799999999999,7432.8,7515.9,7664.0,7551.6,7011.4,7015.5,7783.0,7759.1,7871.4,8048.2,7726.5,7449.9,7539.7,7948.4,7958.299999999999,7828.5,7567.700000000001,7401.4,6961.7,7105.8,7454.700000000001,7520.6,7664.6,7427.0,7455.9,6867.5,7060.700000000001,7712.799999999999,7506.299999999999,7540.799999999999,7206.799999999999,6944.3,6084.700000000001,6404.5,6897.9,7414.6,7096.7
20,6946.799999999999,6898.7,6833.1,7369.8,7458.4,7529.2,7486.7,6918.1,6710.4,7050.8,7568.2,7572.7,7505.3,7500.5,7038.9,6571.0,6863.0,7424.9,7167.5,7321.1,7003.6,6872.7,6492.2,6477.8,7323.700000000001,7391.4,7308.4,7621.6,7580.0,6983.799999999999,7089.6,7685.9,7665.299999999999,7717.6,7765.1,7495.2,7355.200000000001,7255.8,7660.3,7785.200000000001,7633.1,7548.5,7033.5,6874.8,7021.6,7293.2,7415.9,7264.4,7226.6,7266.5,6801.8,7029.299999999999,7651.3,7480.0,7291.0,7059.9,6629.6,6036.9,6278.3,6771.5,7211.0,6916.5
21,6802.0,6729.9,6931.3,7079.0,7186.4,7285.0,7319.2,6673.1,6638.3,6869.1,7385.1,7337.799999999999,7361.9,7203.799999999999,6665.9,6482.0,6811.0,7030.299999999999,6982.0,7143.1,6712.4,6660.9,6310.9,6444.2,7154.2,7209.200000000001,7067.3,7272.299999999999,7279.6,6860.9,6995.2,7438.7,7436.9,7568.0,7636.700000000001,7244.6,7147.3,7255.2,7406.5,7495.7,7589.5,7367.0,6932.2,6820.9,6938.1,7184.9,7229.9,7084.4,7071.5,7109.1,6759.8,6960.799999999999,7337.200000000001,7332.2,7073.299999999999,6779.6,6485.9,6194.6,6331.1,6512.700000000001,7020.7,6670.700000000001
22,6604.4,6739.4,6846.799999999999,6936.4,6996.1,7209.4,7152.1,6504.6,6503.9,6807.3,7166.0,7034.0,6929.9,6955.200000000001,6609.1,6471.1,6644.799999999999,6928.8,6791.8,6975.6,6669.4,6513.299999999999,6323.1,6429.8,6810.8,6962.3,6904.2,7104.5,7042.8,6875.4,6940.6,7209.1,7261.2,7339.5,7328.200000000001,7229.2,7083.1,7107.1,7300.2,7355.9,7230.5,7300.0,6813.1,6794.9,6811.8,7154.0,7201.0,6831.8,6818.2,6864.1,6590.700000000001,6890.6,7162.4,7066.0,6933.9,6528.700000000001,6402.700000000001,5990.1,6086.9,6474.0,6850.0,6476.3
23,6457.9,6510.7,6624.5,6739.6,6879.9,7019.1,6981.8,6430.2,6399.0,6610.4,7086.700000000001,6801.5,6908.9,6659.6,6367.299999999999,6339.3,6475.1,6793.9,6585.0,6687.9,6434.200000000001,6272.4,6187.0,6304.3,6548.6,6796.8,6722.3,6944.5,6829.5,6904.200000000001,6742.0,7107.6,7005.200000000001,7161.1,7190.3,7094.700000000001,6970.3,7017.8,7158.0,7119.5,7110.7,7208.2,6686.4,6706.799999999999,6705.5,7002.4,6790.2,6662.7,6584.5,6868.6,6485.7,6699.7,6943.9,6920.700000000001,6716.5,6438.4,6266.0,5858.700000000001,6051.700000000001,6236.4,6685.4,6421.700000000001
