,2022/07/01,2022/07/02,2022/07/03,2022/07/04,2022/07/05,2022/07/06,2022/07/07,2022/07/08,2022/07/09,2022/07/10,2022/07/11,2022/07/12,2022/07/13,2022/07/14,2022/07/15,2022/07/16,2022/07/17,2022/07/18,2022/07/19,2022/07/20,2022/07/21,2022/07/22,2022/07/23,2022/07/24,2022/07/25,2022/07/26,2022/07/27,2022/07/28,2022/07/29,2022/07/30,2022/07/31,2022/08/01,2022/08/02,2022/08/03,2022/08/04,2022/08/05,2022/08/06,2022/08/07,2022/08/08,2022/08/09,2022/08/10,2022/08/11,2022/08/12,2022/08/13,2022/08/14,2022/08/15,2022/08/16,2022/08/17,2022/08/18,2022/08/19,2022/08/20,2022/08/21,2022/08/22,2022/08/23,2022/08/24,2022/08/25,2022/08/26,2022/08/27,2022/08/28,2022/08/29,2022/08/30,2022/08/31
0,0.0,0.0,0.0,0.0,0.0,0.0,0.0,0.0,0.0,0.0,0.0,0.0,0.0,0.0,0.0,0.0,0.0,0.0,0.0,0.0,0.0,0.0,0.0,0.0,0.0,0.0,0.0,0.0,0.0,0.0,0.0,0.0,0.0,0.0,0.0,0.0,0.0,0.0,0.0,0.0,0.0,0.0,0.0,0.0,0.0,0.0,0.0,0.0,0.0,0.0,0.0,0.0,0.0,0.0,0.0,0.0,0.0,0.0,0.0,0.0,0.0,0.0
1,0.0,0.0,0.0,0.0,0.0,0.0,0.0,0.0,0.0,0.0,0.0,0.0,0.0,0.0,0.0,0.0,0.0,0.0,0.0,0.0,0.0,0.0,0.0,0.0,0.0,0.0,0.0,0.0,0.0,0.0,0.0,0.0,0.0,0.0,0.0,0.0,0.0,0.0,0.0,0.0,0.0,0.0,0.0,0.0,0.0,0.0,0.0,0.0,0.0,0.0,0.0,0.0,0.0,0.0,0.0,0.0,0.0,0.0,0.0,0.0,0.0,0.0
2,0.0,0.0,0.0,0.0,0.0,0.0,0.0,0.0,0.0,0.0,0.0,0.0,0.0,0.0,0.0,0.0,0.0,0.0,0.0,0.0,0.0,0.0,0.0,0.0,0.0,0.0,0.0,0.0,0.0,0.0,0.0,0.0,0.0,0.0,0.0,0.0,0.0,0.0,0.0,0.0,0.0,0.0,0.0,0.0,0.0,0.0,0.0,0.0,0.0,0.0,0.0,0.0,0.0,0.0,0.0,0.0,0.0,0.0,0.0,0.0,0.0,0.0
3,0.0,0.0,0.0,0.0,0.0,0.0,0.0,0.0,0.0,0.0,0.0,0.0,0.0,0.0,0.0,0.0,0.0,0.0,0.0,0.0,0.0,0.0,0.0,0.0,0.0,0.0,0.0,0.0,0.0,0.0,0.0,0.0,0.0,0.0,0.0,0.0,0.0,0.0,0.0,0.0,0.0,0.0,0.0,0.0,0.0,0.0,0.0,0.0,0.0,0.0,0.0,0.0,0.0,0.0,0.0,0.0,0.0,0.0,0.0,0.0,0.0,0.0
4,0.0,0.0,0.0,0.0,0.0,0.0,0.0,0.0,0.0,0.0,0.0,0.0,0.0,0.0,0.0,0.0,0.0,0.0,0.0,0.0,0.0,0.0,0.0,0.0,0.0,0.0,0.0,0.0,0.0,0.0,0.0,0.0,0.0,0.0,0.0,0.0,0.0,0.0,0.0,0.0,0.0,0.0,0.0,0.0,0.0,0.0,0.0,0.0,0.0,0.0,0.0,0.0,0.0,0.0,0.0,0.0,0.0,0.0,0.0,0.0,0.0,0.0
5,0.0,0.0,0.0,0.0,0.0,0.0,0.0,0.0,0.0,0.0,0.0,0.0,0.0,0.0,0.0,0.0,0.0,0.0,0.0,0.0,0.0,0.0,0.0,0.0,0.0,0.0,0.0,0.0,0.0,0.0,0.0,0.0,0.0,0.0,0.0,0.0,0.0,0.0,0.0,0.0,0.0,0.0,0.0,0.0,0.0,0.0,0.0,0.0,0.0,0.0,0.0,0.0,0.0,0.0,0.0,0.0,0.0,0.0,0.0,0.0,0.0,0.0
6,7.6,15.6,6.0,0.9,7.5,14.2,3.2,1.5,1.5,2.1,0.8,12.5,5.8,2.6,4.6,8.5,0.4,0.0,2.0,2.3,0.7,3.1,2.1,-0.3,-0.1,4.3,4.2,3.5,1.9,1.2,-0.2,0.0,0.2,1.4,2.1,1.1,-0.1,0.8,0.3,0.0,-0.2,0.0,0.0,0.7,-0.1,0.3,0.0,-0.3,0.8,-0.3,0.0,0.0,0.1,0.0,0.0,-0.1,0.0,0.0,-0.3,-0.1,-0.1,0.0
7,52.2,63.0,78.0,19.8,85.4,31.2,48.0,85.6,29.4,83.2,1.4,68.6,35.4,61.8,69.8,47.2,42.6,9.9,28.5,65.7,24.2,55.3,79.6,10.2,52.6,58.6,55.8,53.1,38.3,39.2,35.1,32.0,32.6,37.0,66.4,3.1,52.1,34.1,38.1,11.5,19.8,5.9,24.9,47.8,26.2,47.9,-0.2,10.4,53.0,16.3,0.2,27.4,39.0,7.3,25.6,32.4,31.5,17.3,32.9,49.8,32.5,4.2
8,201.2,206.0,176.2,220.8,124.4,216.2,212.2,37.9,205.0,180.2,19.0,163.9,86.9,147.5,187.6,191.6,103.3,5.4,142.9,149.1,99.3,150.7,228.2,21.8,132.4,182.6,183.9,174.0,182.7,173.9,116.9,123.0,28.2,63.6,120.6,30.9,61.7,113.9,96.4,81.6,60.5,66.1,47.4,153.9,62.0,176.8,33.9,94.9,106.4,100.2,34.6,111.0,112.1,30.6,118.7,122.0,151.6,46.9,122.0,72.1,98.3,97.6
9,386.3,375.5,262.1,212.7,204.7,208.9,229.2,62.2,396.4,320.7,176.1,107.6,121.9,236.6,345.1,370.4,214.4,63.3,379.4,257.9,81.6,245.1,282.9,127.6,239.8,255.6,328.7,332.7,360.1,295.6,139.8,189.3,220.6,345.0,238.7,186.2,118.5,254.6,168.7,135.1,83.7,2.8,58.7,204.2,76.3,179.7,55.1,115.6,327.7,226.0,1.0,274.8,321.1,152.5,263.4,340.8,321.2,129.1,379.7,99.6,86.6,74.3
10,542.4,562.2,442.5,232.7,252.2,473.9,442.6,135.3,455.8,381.4,320.0,174.9,97.0,233.0,266.5,472.0,146.1,24.7,524.3,368.5,59.5,74.6,260.7,108.2,260.3,292.7,448.6,465.8,522.5,170.6,99.1,530.8,426.9,216.5,267.1,250.5,157.6,447.9,305.7,545.3,116.6,-0.1,321.8,338.2,77.2,484.5,42.8,193.3,446.4,264.6,82.3,288.0,461.9,81.6,513.8,401.4,459.2,290.0,404.7,144.4,180.8,259.5
11,497.1,479.0,616.3,169.6,269.0,331.0,565.4,54.7,215.1,275.2,416.3,280.6,91.5,189.4,602.0,643.9,155.9,52.4,252.5,636.8,39.8,211.1,328.4,62.2,380.2,251.8,620.9,455.8,610.6,314.9,61.6,202.4,340.6,151.2,612.1,408.6,429.5,455.2,426.3,476.0,283.2,20.3,206.6,292.0,437.8,515.3,42.8,317.3,555.9,531.5,61.5,469.2,393.0,126.3,169.7,462.1,550.9,254.6,488.0,100.6,119.7,313.8
12,747.2,488.8,336.3,105.0,770.9,475.4,411.2,77.5,498.4,649.5,468.8,294.9,155.8,685.1,562.6,552.1,316.6,14.7,344.9,657.1,138.0,302.9,346.7,47.8,271.0,485.0,614.2,226.7,257.4,271.1,28.0,127.6,218.8,692.5,234.2,161.9,443.4,607.4,286.2,576.8,362.4,67.8,415.7,459.7,576.9,522.3,189.5,229.4,315.9,275.2,102.8,388.2,588.9,94.1,121.5,332.4,608.1,749.4,609.1,63.1,146.7,286.4
13,407.0,524.8,244.0,328.5,420.5,551.8,183.4,99.9,317.4,296.1,314.5,431.1,64.5,353.3,587.8,642.8,375.4,93.6,688.7,647.2,165.8,347.1,172.8,96.0,436.5,549.0,569.8,464.1,269.7,232.5,91.4,156.4,177.1,303.6,670.6,677.2,581.4,543.2,364.9,186.3,217.5,40.4,436.4,253.1,259.1,443.2,143.7,373.8,619.2,568.8,270.4,243.8,613.8,64.4,536.2,593.6,616.1,777.4,524.5,167.9,102.6,288.8
14,686.1,566.8,333.6,152.9,280.0,217.2,33.2,30.8,696.1,590.3,331.3,564.7,185.8,665.8,461.9,555.8,276.5,66.9,585.4,513.1,90.0,474.2,253.3,118.1,175.3,656.8,640.6,659.3,605.7,113.4,93.3,71.9,622.3,248.5,368.8,686.5,548.9,169.2,405.9,280.5,134.0,40.7,642.4,298.0,611.8,511.6,95.0,228.9,531.0,592.7,49.9,612.2,585.8,78.1,263.1,625.5,595.4,217.2,619.5,101.0,99.1,325.0
15,622.7,372.4,620.1,157.4,185.0,712.2,294.1,660.0,612.2,584.1,141.8,275.7,183.3,611.5,280.5,620.7,269.3,178.5,624.3,580.7,37.1,656.8,154.1,139.2,684.8,531.7,550.0,593.9,556.5,158.2,237.6,138.0,260.1,56.6,540.1,585.8,475.5,218.6,210.4,202.9,156.2,48.3,470.6,147.0,547.6,433.1,185.8,353.0,516.9,287.4,135.3,137.3,482.1,119.8,107.4,308.7,530.7,380.5,460.5,91.8,67.5,581.0
16,492.9,271.9,254.2,117.3,524.5,167.4,92.7,424.4,499.2,338.0,50.7,439.2,279.3,267.0,428.4,487.4,140.6,41.6,514.3,252.1,51.3,516.5,77.2,206.5,465.8,200.8,339.9,447.4,382.2,74.5,145.7,27.4,192.0,129.4,194.9,347.7,168.1,459.7,139.0,177.3,110.8,93.8,279.4,19.2,429.3,147.7,6.7,435.9,466.1,235.7,326.9,411.0,361.7,9.2,152.4,399.7,413.3,450.1,529.0,84.0,111.5,362.4
17,347.6,202.9,66.0,362.9,201.8,263.4,19.0,218.9,351.0,50.9,175.9,90.0,171.5,264.9,285.2,334.5,180.4,1.0,326.4,158.1,181.1,327.1,92.0,23.6,349.8,159.7,77.1,173.5,60.4,75.1,102.4,35.3,86.6,348.7,382.8,332.2,260.3,99.3,126.7,175.1,36.3,19.7,179.4,26.2,173.6,131.1,35.7,286.6,271.7,116.2,305.3,249.3,127.6,27.2,257.8,294.2,246.5,298.4,199.1,68.8,37.4,82.4
18,174.0,188.1,11.1,70.9,23.5,182.3,11.2,156.7,142.0,61.6,197.1,59.2,204.0,190.2,173.9,151.1,63.8,1.7,68.9,45.9,34.5,117.6,-0.8,5.1,218.3,65.2,69.8,136.8,163.2,53.3,42.0,2.9,211.2,146.9,67.9,124.5,112.6,61.4,66.1,44.2,67.1,0.4,109.8,26.6,51.8,45.7,2.1,115.8,118.7,28.8,109.9,131.6,57.5,-0.4,120.2,27.3,130.4,108.7,32.8,24.0,0.8,14.2
19,27.0,22.6,13.7,-1.0,0.5,12.7,0.1,39.0,30.6,24.8,23.5,11.2,3.9,26.3,27.2,13.5,0.8,0.3,37.5,2.6,4.3,26.9,-0.2,0.3,22.5,6.6,19.9,17.7,31.1,10.6,19.3,-0.8,15.3,27.1,14.2,9.0,7.7,7.1,3.0,1.5,0.0,-0.2,3.5,0.7,0.4,0.7,-0.5,0.7,0.8,0.1,1.0,0.6,0.5,0.2,1.2,-0.3,0.5,0.4,-0.0,-0.6,-0.2,0.1
20,-0.2,-0.3,-0.1,-0.2,0.0,0.0,0.0,-0.1,-0.2,0.0,-0.2,0.0,-0.2,-0.2,-0.3,-0.2,0.0,0.0,-0.2,0.0,0.0,-0.2,0.0,0.0,-0.2,0.0,0.0,0.0,0.0,0.0,0.0,0.0,0.0,0.0,0.0,0.0,0.0,0.0,0.0,0.0,0.0,0.0,0.0,0.0,0.0,0.0,0.0,0.0,0.0,0.0,0.0,0.0,0.0,0.0,0.0,0.0,0.0,0.0,0.0,0.0,0.0,0.0
21,0.0,0.0,0.0,0.0,0.0,0.0,0.0,0.0,0.0,0.0,0.0,0.0,0.0,0.0,0.0,0.0,0.0,0.0,0.0,0.0,0.0,0.0,0.0,0.0,0.0,0.0,0.0,0.0,0.0,0.0,0.0,0.0,0.0,0.0,0.0,0.0,0.0,0.0,0.0,0.0,0.0,0.0,0.0,0.0,0.0,0.0,0.0,0.0,0.0,0.0,0.0,0.0,0.0,0.0,0.0,0.0,0.0,0.0,0.0,0.0,0.0,0.0
22,0.0,0.0,0.0,0.0,0.0,0.0,0.0,0.0,0.0,0.0,0.0,0.0,0.0,0.0,0.0,0.0,0.0,0.0,0.0,0.0,0.0,0.0,0.0,0.0,0.0,0.0,0.0,0.0,0.0,0.0,0.0,0.0,0.0,0.0,0.0,0.0,0.0,0.0,0.0,0.0,0.0,0.0,0.0,0.0,0.0,0.0,0.0,0.0,0.0,0.0,0.0,0.0,0.0,0.0,0.0,0.0,0.0,0.0,0.0,0.0,0.0,0.0
23,0.0,0.0,0.0,0.0,0.0,0.0,0.0,0.0,0.0,0.0,0.0,0.0,0.0,0.0,0.0,0.0,0.0,0.0,0.0,0.0,0.0,0.0,0.0,0.0,0.0,0.0,0.0,0.0,0.0,0.0,0.0,0.0,0.0,0.0,0.0,0.0,0.0,0.0,0.0,0.0,0.0,0.0,0.0,0.0,0.0,0.0,0.0,0.0,0.0,0.0,0.0,0.0,0.0,0.0,0.0,0.0,0.0,0.0,0.0,0.0,0.0,0.0
